#          n           z           a
#
           0          41     0.02381
           1        30.5     0.03175
           2        24.2     0.03969
           3       21.48     0.04448
           4       19.35     0.04914
           5       17.59      0.0538
           6       16.11     0.05846
           7       14.84     0.06312
           8       13.91     0.06709
           9       13.08       0.071
          10       12.35     0.07491
          11       11.69     0.07882
          12       11.09     0.08273
          13       10.59     0.08627
          14       10.14     0.08976
          15       9.724     0.09325
          16       9.336     0.09675
          17        8.98      0.1002
          18       8.662      0.1035
          19       8.372      0.1067
          20       8.099      0.1099
          21       7.842      0.1131
          22       7.598      0.1163
          23       7.375      0.1194
          24        7.17      0.1224
          25       6.974      0.1254
          26       6.782      0.1285
          27       6.605      0.1315
          28       6.446      0.1343
          29       6.289      0.1372
          30       6.143        0.14
          31       5.998      0.1429
          32       5.863      0.1457
          33       5.734      0.1485
          34       5.614      0.1512
          35       5.498      0.1539
          36       5.386      0.1566
          37       5.277      0.1593
          38       5.173       0.162
          39       5.075      0.1646
          40       4.981      0.1672
          41       4.889      0.1698
          42         4.8      0.1724
          43       4.718      0.1749
          44       4.637      0.1774
          45       4.559      0.1799
          46       4.479      0.1825
          47       4.405       0.185
          48       4.333      0.1875
          49       4.266      0.1899
          50         4.2      0.1923
          51       4.133      0.1948
          52       4.071      0.1972
          53        4.01      0.1996
          54        3.95       0.202
          55       3.895      0.2043
          56       3.838      0.2067
          57       3.782      0.2091
          58        3.73      0.2114
          59       3.679      0.2137
          60        3.63       0.216
          61       3.581      0.2183
          62       3.533      0.2206
          63       3.486      0.2229
          64       3.442      0.2251
          65       3.399      0.2273
          66       3.355      0.2296
          67       3.314      0.2318
          68       3.272      0.2341
          69       3.232      0.2363
          70       3.193      0.2385
          71       3.155      0.2407
          72       3.117      0.2429
          73       3.082       0.245
          74       3.045      0.2472
          75        3.01      0.2494
          76       2.976      0.2515
          77       2.942      0.2537
          78       2.909      0.2558
          79       2.877      0.2579
          80       2.845      0.2601
          81       2.814      0.2622
          82       2.784      0.2643
          83       2.754      0.2664
          84       2.726      0.2684
          85       2.697      0.2705
          86       2.668      0.2726
          87        2.64      0.2747
          88       2.613      0.2768
          89       2.587      0.2788
          90       2.561      0.2808
          91       2.535      0.2829
          92        2.51      0.2849
          93       2.484       0.287
          94        2.46       0.289
          95       2.436       0.291
          96       2.413       0.293
          97       2.389      0.2951
          98       2.366      0.2971
          99       2.343      0.2991
         100       2.322       0.301
         101         2.3       0.303
         102       2.279       0.305
         103       2.257       0.307
         104       2.236       0.309
         105       2.216      0.3109
         106       2.196      0.3129
         107       2.176      0.3149
         108       2.157      0.3168
         109       2.137      0.3188
         110       2.118      0.3207
         111         2.1      0.3226
         112       2.081      0.3246
         113       2.072      0.3255
         114       2.045      0.3284
         115       2.028      0.3303
         116       2.009      0.3323
         117       1.992      0.3342
         118       1.975      0.3361
         119       1.959       0.338
         120       1.942      0.3399
         121       1.926      0.3418
         122        1.91      0.3437
         123       1.894      0.3456
         124       1.879      0.3474
         125       1.863      0.3493
         126       1.847      0.3512
         127       1.833       0.353
         128       1.818      0.3549
         129       1.803      0.3568
         130       1.789      0.3586
         131       1.774      0.3605
         132       1.759      0.3624
         133       1.746      0.3642
         134       1.731      0.3661
         135       1.718      0.3679
         136       1.704      0.3698
         137       1.691      0.3716
         138       1.677      0.3735
         139       1.665      0.3753
         140       1.652      0.3771
         141       1.639      0.3789
         142       1.626      0.3808
         143       1.614      0.3826
         144       1.601      0.3844
         145       1.589      0.3862
         146       1.577       0.388
         147       1.565      0.3898
         148       1.554      0.3916
         149       1.542      0.3934
         150        1.53      0.3952
         151       1.519       0.397
         152       1.508      0.3988
         153       1.496      0.4006
         154       1.485      0.4024
         155       1.474      0.4042
         156       1.463       0.406
         157       1.452      0.4078
         158       1.441      0.4096
         159       1.431      0.4113
         160       1.421      0.4131
         161        1.41      0.4149
         162         1.4      0.4166
         163        1.39      0.4184
         164        1.38      0.4202
         165        1.37      0.4219
         166        1.36      0.4237
         167        1.35      0.4255
         168       1.341      0.4272
         169       1.331       0.429
         170       1.321      0.4308
         171       1.312      0.4325
         172       1.303      0.4343
         173       1.293      0.4361
         174       1.284      0.4378
         175       1.275      0.4396
         176       1.266      0.4413
         177       1.257      0.4431
         178       1.248      0.4448
         179        1.24      0.4465
         180       1.231      0.4483
         181       1.222        0.45
         182       1.214      0.4517
         183       1.206      0.4534
         184       1.197      0.4552
         185       1.189      0.4569
         186       1.181      0.4586
         187       1.172      0.4603
         188       1.164      0.4621
         189       1.156      0.4638
         190       1.148      0.4655
         191        1.14      0.4673
         192       1.132       0.469
         193       1.124      0.4707
         194       1.117      0.4724
         195       1.109      0.4742
         196       1.101      0.4759
         197       1.094      0.4776
         198       1.086      0.4793
         199       1.079      0.4811
         200       1.071      0.4828
         201       1.064      0.4845
         202       1.057      0.4862
         203        1.05      0.4879
         204       1.042      0.4896
         205       1.035      0.4913
         206       1.028       0.493
         207       1.021      0.4947
         208       1.015      0.4964
         209       1.008      0.4981
         210       1.001      0.4998
         211       0.994      0.5015
         212      0.9873      0.5032
         213      0.9806      0.5049
         214      0.9739      0.5066
         215      0.9673      0.5083
         216      0.9608        0.51
         217      0.9543      0.5117
         218      0.9478      0.5134
         219      0.9414      0.5151
         220       0.935      0.5168
         221       0.929      0.5184
         222      0.9227      0.5201
         223      0.9164      0.5218
         224      0.9102      0.5235
         225       0.904      0.5252
         226      0.8979      0.5269
         227      0.8918      0.5286
         228      0.8857      0.5303
         229      0.8801      0.5319
         230      0.8741      0.5336
         231      0.8681      0.5353
         232      0.8622       0.537
         233      0.8563      0.5387
         234      0.8505      0.5404
         235      0.8447      0.5421
         236      0.8392      0.5437
         237      0.8335      0.5454
         238      0.8278      0.5471
         239      0.8222      0.5488
         240      0.8165      0.5505
         241      0.8109      0.5522
         242      0.8054      0.5539
         243      0.8002      0.5555
         244      0.7947      0.5572
         245      0.7892      0.5589
         246      0.7838      0.5606
         247      0.7787      0.5622
         248      0.7734      0.5639
         249       0.768      0.5656
         250      0.7627      0.5673
         251      0.7578      0.5689
         252      0.7525      0.5706
         253      0.7473      0.5723
         254      0.7422       0.574
         255       0.737      0.5757
         256      0.7322      0.5773
         257      0.7271       0.579
         258      0.7221      0.5807
         259      0.7173      0.5823
         260      0.7123       0.584
         261      0.7074      0.5857
         262      0.7024      0.5874
         263      0.6975      0.5891
         264      0.6926      0.5908
         265       0.688      0.5924
         266      0.6832      0.5941
         267      0.6784      0.5958
         268      0.6739      0.5974
         269      0.6692      0.5991
         270      0.6644      0.6008
         271      0.6598      0.6025
         272      0.6551      0.6042
         273      0.6507      0.6058
         274      0.6461      0.6075
         275      0.6415      0.6092
         276      0.6369      0.6109
         277      0.6327      0.6125
         278      0.6281      0.6142
         279      0.6236      0.6159
         280      0.6194      0.6175
         281       0.615      0.6192
         282      0.6106      0.6209
         283      0.6062      0.6226
         284      0.6018      0.6243
         285      0.5974       0.626
         286      0.5934      0.6276
         287      0.5891      0.6293
         288      0.5848       0.631
         289      0.5808      0.6326
         290      0.5765      0.6343
         291      0.5723       0.636
         292      0.5681      0.6377
         293       0.564      0.6394
         294      0.5598      0.6411
         295      0.5559      0.6427
         296      0.5518      0.6444
         297      0.5477      0.6461
         298      0.5437      0.6478
         299      0.5396      0.6495
         300      0.5356      0.6512
         301      0.5319      0.6528
         302      0.5279      0.6545
         303      0.5239      0.6562
         304      0.5202      0.6578
         305      0.5163      0.6595
         306      0.5124      0.6612
         307      0.5085      0.6629
         308      0.5047      0.6646
         309      0.5008      0.6663
         310      0.4972      0.6679
         311      0.4934      0.6696
         312      0.4896      0.6713
         313      0.4859       0.673
         314      0.4821      0.6747
         315      0.4784      0.6764
         316      0.4747      0.6781
         317       0.471      0.6798
         318      0.4674      0.6815
         319      0.4637      0.6832
         320      0.4601      0.6849
         321      0.4565      0.6866
         322      0.4529      0.6883
         323      0.4493        0.69
         324      0.4459      0.6916
         325      0.4424      0.6933
         326      0.4388       0.695
         327      0.4353      0.6967
         328      0.4318      0.6984
         329      0.4284      0.7001
         330      0.4249      0.7018
         331      0.4215      0.7035
         332       0.418      0.7052
         333      0.4146      0.7069
         334      0.4112      0.7086
         335      0.4079      0.7103
         336      0.4045       0.712
         337      0.4011      0.7137
         338      0.3978      0.7154
         339      0.3945      0.7171
         340      0.3912      0.7188
         341      0.3879      0.7205
         342      0.3847      0.7222
         343      0.3814      0.7239
         344       0.378      0.7257
         345      0.3748      0.7274
         346      0.3716      0.7291
         347      0.3684      0.7308
         348      0.3652      0.7325
         349       0.362      0.7342
         350      0.3589      0.7359
         351      0.3557      0.7376
         352      0.3526      0.7393
         353      0.3493      0.7411
         354      0.3463      0.7428
         355      0.3432      0.7445
         356      0.3401      0.7462
         357      0.3371      0.7479
         358       0.334      0.7496
         359      0.3308      0.7514
         360      0.3278      0.7531
         361      0.3249      0.7548
         362      0.3219      0.7565
         363      0.3189      0.7582
         364      0.3158        0.76
         365      0.3129      0.7617
         366      0.3099      0.7634
         367      0.3068      0.7652
         368       0.304      0.7669
         369      0.3009      0.7687
         370       0.298      0.7704
         371      0.2952      0.7721
         372      0.2922      0.7739
         373      0.2893      0.7756
         374      0.2865      0.7773
         375      0.2835      0.7791
         376      0.2807      0.7808
         377       0.278      0.7825
         378       0.275      0.7843
         379      0.2723       0.786
         380      0.2694      0.7878
         381      0.2666      0.7895
         382      0.2637      0.7913
         383       0.261       0.793
         384      0.2582      0.7948
         385      0.2555      0.7965
         386      0.2527      0.7983
         387        0.25         0.8
         388      0.2473      0.8017
         389      0.2446      0.8035
         390      0.2419      0.8052
         391      0.2392       0.807
         392      0.2364      0.8088
         393      0.2338      0.8105
         394      0.2311      0.8123
         395      0.2284      0.8141
         396      0.2258      0.8158
         397      0.2231      0.8176
         398      0.2204      0.8194
         399      0.2179      0.8211
         400      0.2152      0.8229
         401      0.2126      0.8247
         402      0.2101      0.8264
         403      0.2074      0.8282
         404      0.2048        0.83
         405      0.2024      0.8317
         406      0.1998      0.8335
         407      0.1972      0.8353
         408      0.1946      0.8371
         409       0.192      0.8389
         410      0.1896      0.8406
         411      0.1871      0.8424
         412      0.1846      0.8442
         413       0.182       0.846
         414      0.1795      0.8478
         415       0.177      0.8496
         416      0.1745      0.8514
         417      0.1721      0.8532
         418      0.1696       0.855
         419      0.1671      0.8568
         420      0.1647      0.8586
         421      0.1623      0.8604
         422      0.1598      0.8622
         423      0.1574       0.864
         424      0.1551      0.8657
         425      0.1527      0.8675
         426      0.1504      0.8693
         427      0.1478      0.8712
         428      0.1455       0.873
         429      0.1431      0.8748
         430      0.1408      0.8766
         431      0.1384      0.8784
         432       0.136      0.8803
         433      0.1337      0.8821
         434      0.1313      0.8839
         435      0.1291      0.8857
         436      0.1268      0.8875
         437      0.1245      0.8893
         438      0.1222      0.8911
         439      0.1198       0.893
         440      0.1176      0.8948
         441      0.1153      0.8966
         442       0.113      0.8985
         443      0.1107      0.9003
         444      0.1084      0.9022
         445      0.1062       0.904
         446       0.104      0.9058
         447      0.1017      0.9077
         448     0.09951      0.9095
         449     0.09721      0.9114
         450     0.09505      0.9132
         451     0.09278      0.9151
         452     0.09063      0.9169
         453     0.08838      0.9188
         454     0.08625      0.9206
         455     0.08401      0.9225
         456      0.0819      0.9243
         457     0.07968      0.9262
         458     0.07759       0.928
         459     0.07538      0.9299
         460     0.07319      0.9318
         461     0.07112      0.9336
         462     0.06895      0.9355
         463     0.06678      0.9374
         464     0.06474      0.9392
         465     0.06259      0.9411
         466     0.06045       0.943
         467     0.05842      0.9448
         468      0.0563      0.9467
         469      0.0543      0.9485
         470     0.05219      0.9504
         471     0.05009      0.9523
         472       0.048      0.9542
         473     0.04592      0.9561
         474     0.04384       0.958
         475     0.04178      0.9599
         476     0.03972      0.9618
         477     0.03767      0.9637
         478     0.03563      0.9656
         479     0.03359      0.9675
         480     0.03167      0.9693
         481     0.02965      0.9712
         482     0.02764      0.9731
         483     0.02564       0.975
         484     0.02365      0.9769
         485     0.02155      0.9789
         486     0.01958      0.9808
         487      0.0176      0.9827
         488     0.01564      0.9846
         489     0.01368      0.9865
         490     0.01163      0.9885
         491    0.009693      0.9904
         492     0.00776      0.9923
         493    0.005834      0.9942
         494    0.003815      0.9962
         495    0.001904      0.9981
         496           0           1
